   16.5331273019060     
   19.0416412291495     
   21.5589525777271     
   22.5426990230483     
   22.3788059409970     
   22.0240231604224     
   22.0968852381105     
   22.1287430978939     
   21.8454810430300     
   22.1226770644774     
   22.1805480286874     
   22.3565488960036     
   21.9038854766302     
   22.2970449649693     
   21.8357612418624     
   22.2425402159782     
   22.6899055749605     
   21.9252782544358     
   22.5409469474549     
   22.5887734594481     
   23.1725467571059     
   22.0626948390437     
   22.6560349790836     
   22.2112469042562     
   22.2470326615975     
   22.2041192105792     
   21.7344664709421     
   22.0984937560170     
   22.5259568882155     
   22.5550264169836     
   22.4814320090966     
   22.3864032427946     
   22.4019158471842     
   22.0762726144191     
   21.8758855918742     
   22.4636548094674     
   21.9307554844518     
   22.9011087601999     
   22.4638018980626     
   21.9695427030578     
   22.3582429711728     
   22.1702566465611     
   22.5499388638549     
   22.1321934231328     
   22.6118493144183     
   22.4543653775493     
   22.7559879574070     
   22.8436526711723     
   22.1663099667161     
   22.6195838742464     
   21.9684426768174     
   22.2037106660328     
   22.4302239733805     
   22.1876427717704     
   22.1275705068459     
   22.2731697935960     
   22.0897161925609     
   21.9744459254041     
   22.2051436061480     
   22.4556304949801     
   22.5418389074051     
   22.1688946978055     
   21.8143315385719     
   22.5249659561483     
   22.1270089774371     
   21.7241805314077     
   21.9789828255081     
   21.7680518424593     
   22.0865144987362     
   22.3202918097165     
   22.1435942507112     
   22.1256807912155     
   21.7647707264070     
   21.9622759348667     
   22.1993363232030     
   22.3603902410937     
   21.9765958768509     
   21.7852980248331     
   22.0801398731726     
   22.4310197733744     
   21.7668172894376     
   21.7615748087456     
   21.8347276281310     
   21.6370463507339     
   22.0931495461117     
   22.9611983221856     
   22.3203539499333     
   21.8697005313657     
   22.5503544050608     
   22.3077897854253     
   21.8223045875955     
   21.9920996935721     
   21.8556162196766     
   22.9026244114866     
   22.4874335870411     
   22.0334528770285     
   22.3383772526938     
   23.1349786712707     
   22.2049452577682     
   22.5018573125213     
   22.4788797082179     
   21.9333430745631     
   21.6998080304089     
   22.3240539033172     
   21.4728081071218     
   22.1716759037599     
   21.8560105732851     
   21.6554341723054     
   21.8172394460072     
   21.8725010733752     
   22.5646442201082     
   22.1420457712854     
   22.0290501726095     
   22.2783311481811     
   21.7443659077732     
   21.7259208513957     
   22.4959028971741     
   22.1922239674572     
   21.9822677729615     
   21.7497029505108     
   22.5010375336399     
   21.9842785429958     
   22.2994768032825     
   22.5308957865105     
   22.1836972019566     
   21.8160953999007     
   21.9178867670176     
   22.4192739732454     
   21.9234091242376     
   22.3652970641506     
   22.4383753353185     
   22.3955560162710     
   22.3260248479197     
   22.3179158200022     
   21.8215011333001     
   22.5413673943467     
   22.0868136485321     
   22.2650228002139     
   22.4237720293075     
   22.4887637009019     
   21.8961612970582     
   22.4029084144048     
   21.4975650206018     
   22.1904021262340     
   22.3570998431221     
   22.1987642734265     
   22.6818170347433     
   22.0767783837173     
   22.0353498701902     
   22.3154116655251     
   22.1301986602204     
   22.4778670905483     
   22.3547740659907     
   22.6014599616259     
   22.2898288465763     
   22.6671839770077     
   22.2098874790805     
   22.0441258723728     
   22.1868185310147     
   22.1670449145539     
   22.6028236353421     
   22.0214136958211     
   22.2123027879300     
   22.0424675827540     
   22.1989272922835     
   22.1418654949366     
   22.2154459285317     
   22.3655973048849     
   21.9999886399126     
   22.2425388740642     
   22.4173360127283     
   22.6583989429575     
   22.3087854336920     
   21.4795333976219     
   22.4000908719287     
   22.4737894103052     
   22.4743243075975     
   22.2537821630111     
   22.9991056124896     
   22.0335744793763     
   22.3316576828734     
   22.4328289325389     
   22.4989982599561     
   22.6644078846823     
   22.6317341096426     
   22.5430938761922     
   22.5020741300473     
   22.1335903248905     
   22.1667999861888     
   22.6767321224637     
   22.2709499330635     
   21.7867994653028     
   22.0445448329389     
   22.4863221400179     
   22.1885657562097     
   22.3758465748506     
   22.0525257199182     
   22.1265825491660     
   22.8486955973668     
   22.1028229019735     
