   16.9770924617246     
   20.2450647503100     
   21.2628551391981     
   20.2295261585746     
   20.1767475452604     
   20.3871310215483     
   20.3024219648247     
   20.2576428662177     
   20.4294374034513     
   20.5914782441669     
   20.4997802231330     
   20.3707117896952     
   20.1026640478311     
   20.6312091227722     
   20.2009916801947     
   20.4884859911876     
   20.3173156152867     
   20.5669334497796     
   20.4987754935685     
   20.5347371522513     
   20.2788051633745     
   20.4060849693291     
   20.1848991600930     
   20.6016793254858     
   20.8499575601805     
   20.3932060500193     
   20.5233129953421     
   20.3136892848462     
   20.3586484290201     
   20.3861037307706     
   20.6053406239267     
   20.6251538347686     
   20.2491150130110     
   20.4769292916159     
   20.4533246727667     
   20.6210376643880     
   20.7217863972078     
   20.2736860137071     
   20.0751524719184     
   20.2953733768924     
   20.5458507426692     
   20.4661426253782     
   20.1959785935408     
   20.2140113963286     
   20.6444010501693     
   20.1356340445350     
   20.2533179480328     
   20.3750164320687     
   20.5535571574641     
   20.6344085604289     
   20.1839386759546     
   20.5098032958633     
   20.5361914916135     
   20.4929862444717     
   20.6688113160268     
   20.7394237846123     
   20.6036203407322     
   20.2919064999949     
   20.5299823384341     
   20.5323257345040     
   20.5503415952663     
   20.3649293794085     
   20.1735487110090     
   20.3434558894352     
   20.3851903746641     
   20.0952350143570     
   20.5029242945685     
   20.2757824432288     
   20.2851969125758     
   20.1252578235443     
   20.6779616384902     
   20.6718569074459     
   20.3895702557034     
   20.3143600338551     
   20.7371743272962     
   20.5244281041631     
   20.4489681596301     
   20.2508274601321     
   20.6098781308049     
   20.3369692888182     
   20.5321045249174     
   20.3209205786257     
   20.5971976918278     
   20.5885711977302     
   20.7504291400870     
   20.5680672333601     
   20.1771531131577     
   20.2256467795637     
   20.3665957120941     
   20.4979397124954     
   20.7584037499414     
   20.6154110656369     
   20.5609729339072     
   20.2542720508346     
   20.7421350015341     
   20.4118623842709     
   20.5080581392137     
   20.5754724931047     
   20.4236307049030     
   20.3534040641261     
   20.9616258976870     
   20.7385295610652     
   20.3807205175779     
   20.5491035857038     
   20.5585344481115     
   20.3088590176152     
   20.5834339049123     
   20.0220970153178     
   20.1944945126172     
   20.2252109220766     
   20.2820026636825     
   20.3060577586356     
   20.6560169456371     
   20.7948392808887     
   20.2426239116189     
   20.8311813318644     
   20.7472718347048     
   20.4507526110474     
   20.4141192647699     
   20.5421760357036     
   20.2780623978967     
   20.6065907485786     
   20.8172389325295     
   20.5198175203076     
   20.8802338345655     
   20.6854850479888     
   20.2380133512895     
   20.6436865754195     
   20.7925803216828     
   20.6441699588467     
   20.7388881661124     
   20.4386894516589     
   20.3643287742576     
   19.9095563444651     
   20.5732935302410     
   20.6117500687107     
   20.3879076669961     
   20.2823176677205     
   20.4034181611208     
   20.9416401792716     
   20.7279560201704     
   20.5844890390252     
   20.6467723884927     
   20.3736569168765     
   20.5764709523357     
   20.2428038883114     
   20.5271204891002     
   20.4991480399131     
   20.6692062730933     
   20.6037926572767     
   20.5724165117191     
   20.4663876239061     
   20.5590737937574     
   20.1963907567416     
   20.5084714664828     
   20.5074503702570     
   20.5518006964528     
   20.2071116482122     
   20.7440765175079     
   20.4177252901124     
   20.1007640227846     
   20.2790164012316     
   20.2884134432475     
   20.0986967241348     
   20.5409362486692     
   20.5198168436137     
   20.5380510650699     
   20.5461471539024     
   20.6086493188503     
   20.4362601741169     
   20.7140018093555     
   20.0637911876992     
   20.5313187663620     
   20.4779009730517     
   20.5091831704112     
   20.7783403733017     
   20.4933704132867     
   20.5997476505290     
   20.9061178141901     
   20.3668212279040     
   20.5157047005098     
   20.4105560952869     
   20.1575093036010     
   20.6044262405920     
   20.5976375342944     
   20.7502916365689     
   20.1932632034081     
   20.7214523639479     
   20.2888804664561     
   20.2824895852123     
   20.3638580654931     
   20.4126683971150     
   20.3507019913640     
   20.7131268756393     
   20.6344645176337     
   20.5548694659596     
   20.1228784710034     
   20.1181533149698     
   20.2614895274027     
   20.5215315314486     
