  0.00009112
  0.00037711
  0.00089497
  0.00170622
  0.00289902
  0.00459133
  0.00693486
  0.01011899
  0.01437412
  0.01997373
  0.02723413
  0.03651115
  0.04819264
  0.06268604
  0.08040027
  0.10172164
  0.12698415
  0.15643502
  0.19019721
  0.22823165
  0.27030244
  0.31594930
  0.36447145
  0.41492740
  0.46615425
  0.51680895
  0.56543216
  0.61053313
  0.65069125
  0.68466751
  0.71151653
  0.73068817
  0.74210717
  0.74621931
  0.74399505
  0.73688450
  0.72672251
  0.71558789
  0.70562674
  0.69885511
  0.69696066
  0.70112495
  0.71188824
  0.72907536
  0.75179575
  0.77852259
  0.80724668
  0.83569087
  0.86156228
  0.88281362
  0.89788172
  0.90587335
  0.90667349
  0.90096055
  0.89012456
  0.87609689
  0.86111139
  0.84742649
  0.83704299
  0.83145313
  0.83145313
  0.83704299
  0.84742649
  0.86111139
  0.87609689
  0.89012456
  0.90096055
  0.90667349
  0.90587335
  0.89788172
  0.88281362
  0.86156228
  0.83569087
  0.80724668
  0.77852259
  0.75179575
  0.72907536
  0.71188824
  0.70112495
  0.69696066
  0.69885511
  0.70562674
  0.71558789
  0.72672251
  0.73688450
  0.74399505
  0.74621931
  0.74210717
  0.73068817
  0.71151653
  0.68466751
  0.65069125
  0.61053313
  0.56543216
  0.51680895
  0.46615425
  0.41492740
  0.36447145
  0.31594930
  0.27030244
  0.22823165
  0.19019721
  0.15643502
  0.12698415
  0.10172164
  0.08040027
  0.06268604
  0.04819264
  0.03651115
  0.02723413
  0.01997373
  0.01437412
  0.01011899
  0.00693486
  0.00459133
  0.00289902
  0.00170622
  0.00089497
  0.00037711
  0.00009112
