-4.000000000000000000e+00
-3.932773109243697274e+00
-3.865546218487394992e+00
-3.798319327731092265e+00
-3.731092436974789983e+00
-3.663865546218487257e+00
-3.596638655462184975e+00
-3.529411764705882248e+00
-3.462184873949579966e+00
-3.394957983193277240e+00
-3.327731092436974958e+00
-3.260504201680672232e+00
-3.193277310924369949e+00
-3.126050420168067223e+00
-3.058823529411764497e+00
-2.991596638655462215e+00
-2.924369747899159933e+00
-2.857142857142857206e+00
-2.789915966386554480e+00
-2.722689075630252198e+00
-2.655462184873949916e+00
-2.588235294117647189e+00
-2.521008403361344463e+00
-2.453781512605042181e+00
-2.386554621848739455e+00
-2.319327731092436728e+00
-2.252100840336134446e+00
-2.184873949579832164e+00
-2.117647058823529438e+00
-2.050420168067226712e+00
-1.983193277310924429e+00
-1.915966386554622147e+00
-1.848739495798319421e+00
-1.781512605042016695e+00
-1.714285714285714413e+00
-1.647058823529411686e+00
-1.579831932773109404e+00
-1.512605042016806678e+00
-1.445378151260504396e+00
-1.378151260504201669e+00
-1.310924369747899387e+00
-1.243697478991596661e+00
-1.176470588235294379e+00
-1.109243697478991653e+00
-1.042016806722689370e+00
-9.747899159663866442e-01
-9.075630252100843620e-01
-8.403361344537816358e-01
-7.731092436974789095e-01
-7.058823529411766273e-01
-6.386554621848739011e-01
-5.714285714285716189e-01
-5.042016806722688926e-01
-4.369747899159666105e-01
-3.697478991596638842e-01
-3.025210084033616020e-01
-2.352941176470588758e-01
-1.680672268907565936e-01
-1.008403361344538673e-01
-3.361344537815158517e-02
3.361344537815114109e-02
1.008403361344534233e-01
1.680672268907557054e-01
2.352941176470588758e-01
3.025210084033611579e-01
3.697478991596634401e-01
4.369747899159666105e-01
5.042016806722688926e-01
5.714285714285711748e-01
6.386554621848734570e-01
7.058823529411766273e-01
7.731092436974789095e-01
8.403361344537811917e-01
9.075630252100834738e-01
9.747899159663866442e-01
1.042016806722688926e+00
1.109243697478991209e+00
1.176470588235293491e+00
1.243697478991596661e+00
1.310924369747898943e+00
1.378151260504201225e+00
1.445378151260504396e+00
1.512605042016806678e+00
1.579831932773108960e+00
1.647058823529411242e+00
1.714285714285714413e+00
1.781512605042016695e+00
1.848739495798318977e+00
1.915966386554621259e+00
1.983193277310924429e+00
2.050420168067226712e+00
2.117647058823528994e+00
2.184873949579831276e+00
2.252100840336134446e+00
2.319327731092436728e+00
2.386554621848739011e+00
2.453781512605042181e+00
2.521008403361344463e+00
2.588235294117646745e+00
2.655462184873949028e+00
2.722689075630252198e+00
2.789915966386554480e+00
2.857142857142856762e+00
2.924369747899159044e+00
2.991596638655462215e+00
3.058823529411764497e+00
3.126050420168066779e+00
3.193277310924369061e+00
3.260504201680672232e+00
3.327731092436974514e+00
3.394957983193276796e+00
3.462184873949579078e+00
3.529411764705882248e+00
3.596638655462184531e+00
3.663865546218486813e+00
3.731092436974789983e+00
3.798319327731092265e+00
3.865546218487394547e+00
3.932773109243696830e+00
4.000000000000000000e+00
