-1.554398471431703646e-04
-3.201072623878272621e-04
-5.030595101243705162e-04
-7.136423526893104913e-04
-9.618890222375071431e-04
-1.258880884342279509e-03
-1.617084764989391897e-03
-2.050676987832994631e-03
-2.575860358781403587e-03
-3.211177284779897535e-03
-3.977819675725411883e-03
-4.899934081688928078e-03
-6.004918544835440367e-03
-7.323705817857887115e-03
-8.891025867708601468e-03
-1.074563891532575623e-02
-1.293052864650514992e-02
-1.549304366921766540e-02
-1.848497380733623435e-02
-2.196254644632791853e-02
-2.598632693949212702e-02
-3.062100612355844048e-02
-3.593505738498441182e-02
-4.200024559442360611e-02
-4.889097074158197526e-02
-5.668343042860524150e-02
-6.545458769630153884e-02
-7.528093413321484961e-02
-8.623704299136818185e-02
-9.839391318813872633e-02
-1.118171126146301902e-01
-1.265647379975032849e-01
-1.426852184542848345e-01
-1.602150004961431229e-01
-1.791761631024327839e-01
-1.995740220560164035e-01
-2.213947923653183103e-01
-2.446033856734879941e-01
-2.691414254735247091e-01
-2.949255662092624131e-01
-3.218462025767919732e-01
-3.497666523336335764e-01
-3.785228896111377250e-01
-4.079238961751164294e-01
-4.377526854456105232e-01
-4.677680385675540009e-01
-4.977069736255139154e-01
-5.272879484172696696e-01
-5.562147742563595676e-01
-5.841811933471341423e-01
-6.108760458079802724e-01
-6.359889251036661140e-01
-6.592161935173385112e-01
-6.802672037551609208e-01
-6.988705505883728852e-01
-7.147801595906525529e-01
-7.277810105534254781e-01
-7.376942928666275767e-01
-7.443818003370431535e-01
-7.477493941077836270e-01
-7.477493941077871797e-01
-7.443818003370543668e-01
-7.376942928666463395e-01
-7.277810105534494589e-01
-7.147801595906825289e-01
-6.988705505884059699e-01
-6.802672037551988904e-01
-6.592161935173806997e-01
-6.359889251037124103e-01
-6.108760458080297884e-01
-5.841811933471864338e-01
-5.562147742564156339e-01
-5.272879484173266240e-01
-4.977069736255723131e-01
-4.677680385676124541e-01
-4.377526854456665339e-01
-4.079238961751703307e-01
-3.785228896111895724e-01
-3.497666523336823152e-01
-3.218462025768376589e-01
-2.949255662093047126e-01
-2.691414254735637890e-01
-2.446033856735239931e-01
-2.213947923653508398e-01
-1.995740220560457134e-01
-1.791761631024582913e-01
-1.602150004961661323e-01
-1.426852184543052626e-01
-1.265647379975220754e-01
-1.118171126146469962e-01
-9.839391318815378373e-02
-8.623704299138125473e-02
-7.528093413322679839e-02
-6.545458769631230800e-02
-5.668343042861487269e-02
-4.889097074159150236e-02
-4.200024559443199523e-02
-3.593505738499250951e-02
-3.062100612356644797e-02
-2.598632693949948919e-02
-2.196254644633504130e-02
-1.848497380734319753e-02
-1.549304366922352530e-02
-1.293052864651084155e-02
-1.074563891533034631e-02
-8.891025867712919195e-03
-7.323705817861946368e-03
-6.004918544839718195e-03
-4.899934081693674282e-03
-3.977819675729887469e-03
-3.211177284784521874e-03
-2.575860358785903026e-03
-2.050676987836455838e-03
-1.617084764992190657e-03
-1.258880884343844446e-03
-9.618890222380430642e-04
-7.136423526883210484e-04
-5.030595101230197087e-04
-3.201072623865011744e-04
-1.554398471421588040e-04
9.427140009692107012e-04
1.932708607540105893e-03
3.015285005718061802e-03
4.235655331050316996e-03
5.640452389965538819e-03
7.278943627377760378e-03
9.204003909157411345e-03
1.147287900673352699e-02
1.414775456158159569e-02
1.729613235780997488e-02
2.099100599410748738e-02
2.531082090084909447e-02
3.033919870114108741e-02
3.616440293136664874e-02
4.287852199148042137e-02
5.057634583655511162e-02
5.935391534832152455e-02
6.930672757348621538e-02
8.052758614317651054e-02
9.310409426854149295e-02
1.071157978181084963e-01
1.226309981865230520e-01
1.397032689871879896e-01
1.583677269949432809e-01
1.786371260613771050e-01
2.004978625822197713e-01
2.239060019381917122e-01
2.487834562967295993e-01
2.750144640699572762e-01
3.024425386659885251e-01
3.308680671522188921e-01
3.600467460869749559e-01
3.896890400523980169e-01
4.194608364992173377e-01
4.489854469887302191e-01
4.778470690851990832e-01
5.055957752519779635e-01
5.317540364925890106e-01
5.558247216887441944e-01
5.773004422541719860e-01
5.956740403396352246e-01
6.104499523586499610e-01
6.211561230060267391e-01
6.273561026076881486e-01
6.286609359074333270e-01
6.247404451533348224e-01
6.153335248235042299e-01
6.002570981068475753e-01
5.794134334795284502e-01
5.527955795166435982e-01
5.204907430598484375e-01
4.826815056500532997e-01
4.396448418369597877e-01
3.917489675157744822e-01
3.394481047141020835e-01
2.832753001230544077e-01
2.238334778159439542e-01
1.617849422855148211e-01
9.783957673726427495e-02
3.274200417614548525e-02
-3.274200417613163522e-02
-9.783957673725049431e-02
-1.617849422854998609e-01
-2.238334778159277449e-01
-2.832753001230365886e-01
-3.394481047140835983e-01
-3.917489675157546092e-01
-4.396448418369378053e-01
-4.826815056500310397e-01
-5.204907430598257889e-01
-5.527955795166197284e-01
-5.794134334795036922e-01
-6.002570981068225953e-01
-6.153335248234784727e-01
-6.247404451533080660e-01
-6.286609359074073478e-01
-6.273561026076619473e-01
-6.211561230060013150e-01
-6.104499523586253140e-01
-5.956740403396129091e-01
-5.773004422541506697e-01
-5.558247216887226561e-01
-5.317540364925701368e-01
-5.055957752519586457e-01
-4.778470690851807090e-01
-4.489854469887122335e-01
-4.194608364992008509e-01
-3.896890400523816411e-01
-3.600467460869593017e-01
-3.308680671522035710e-01
-3.024425386659730930e-01
-2.750144640699423992e-01
-2.487834562967149443e-01
-2.239060019381779176e-01
-2.004978625822061988e-01
-1.786371260613641154e-01
-1.583677269949315125e-01
-1.397032689871776645e-01
-1.226309981865138926e-01
-1.071157978181007248e-01
-9.310409426853494264e-02
-8.052758614317112595e-02
-6.930672757348138591e-02
-5.935391534831696569e-02
-5.057634583655103155e-02
-4.287852199147657722e-02
-3.616440293136266582e-02
-3.033919870113749306e-02
-2.531082090084649933e-02
-2.099100599410512469e-02
-1.729613235780819852e-02
-1.414775456158081680e-02
-1.147287900673290249e-02
-9.204003909156432961e-03
-7.278943627376894751e-03
-5.640452389964280278e-03
-4.235655331049156466e-03
-3.015285005716452412e-03
-1.932708607538892887e-03
-9.427140009685281959e-04
-3.366380856229779332e-03
-6.872711771030815681e-03
-1.064922559872581026e-02
-1.482080919102530224e-02
-1.951010049830598919e-02
-2.483953081844003999e-02
-3.093245695869701467e-02
-3.791347560544984507e-02
-4.590797663445171650e-02
-5.504096990072700202e-02
-6.543520874032024426e-02
-7.720863121135472518e-02
-9.047114564609855247e-02
-1.053207992664016712e-01
-1.218393864207385907e-01
-1.400875754251943717e-01
-1.600996589634293144e-01
-1.818780613478413188e-01
-2.053877653624393562e-01
-2.305508504538608394e-01
-2.572413611251919696e-01
-2.852807477977950534e-01
-3.144341403013809488e-01
-3.444077246073101728e-01
-3.748474944754426885e-01
-4.053396394298916516e-01
-4.354128071722211391e-01
-4.645424407746288620e-01
-4.921573379027060491e-01
-5.176485108035252525e-01
-5.403803427770268453e-01
-5.597039414574668248e-01
-5.749724849336175225e-01
-5.855582483271080108e-01
-5.908708918776497399e-01
-5.903764935914482814e-01
-5.836167270812609997e-01
-5.702275249203452301e-01
-5.499565350507814587e-01
-5.226786761123557445e-01
-4.884091282690660174e-01
-4.473131579766148613e-01
-3.997122645637922189e-01
-3.460862480350747061e-01
-2.870709245930337938e-01
-2.234513523158558057e-01
-1.561505682274166307e-01
-8.621397509598116571e-02
-1.478964884430439275e-02
5.689503582109201041e-02
1.275599433185050091e-01
1.959012460080963303e-01
2.606222842003854678e-01
3.204653806478377498e-01
3.742436909252483956e-01
4.208721114395125307e-01
4.593962378459686691e-01
4.890183769358001920e-01
5.091196715772982051e-01
5.192775047982792769e-01
5.192775047982804981e-01
5.091196715773024239e-01
4.890183769358071308e-01
4.593962378459783835e-01
4.208721114395240215e-01
3.742436909252613852e-01
3.204653806478512390e-01
2.606222842003986795e-01
1.959012460081083484e-01
1.275599433185146403e-01
5.689503582109844276e-02
-1.478964884430106555e-02
-8.621397509598251185e-02
-1.561505682274207940e-01
-2.234513523158641601e-01
-2.870709245930451181e-01
-3.460862480350899717e-01
-3.997122645638103156e-01
-4.473131579766353449e-01
-4.884091282690882774e-01
-5.226786761123775049e-01
-5.499565350508055506e-01
-5.702275249203676566e-01
-5.836167270812833152e-01
-5.903764935914679324e-01
-5.908708918776693908e-01
-5.855582483271258853e-01
-5.749724849336341759e-01
-5.597039414574812577e-01
-5.403803427770406120e-01
-5.176485108035385752e-01
-4.921573379027202599e-01
-4.645424407746430173e-01
-4.354128071722350724e-01
-4.053396394299065841e-01
-3.748474944754579541e-01
-3.444077246073257159e-01
-3.144341403013961034e-01
-2.852807477978088757e-01
-2.572413611252051258e-01
-2.305508504538738845e-01
-2.053877653624515132e-01
-1.818780613478532815e-01
-1.600996589634403611e-01
-1.400875754252048633e-01
-1.218393864207480970e-01
-1.053207992664104559e-01
-9.047114564610678200e-02
-7.720863121136237184e-02
-6.543520874032797419e-02
-5.504096990073357315e-02
-4.590797663445787130e-02
-3.791347560545482720e-02
-3.093245695870167067e-02
-2.483953081844388414e-02
-1.951010049830968415e-02
-1.482080919102833454e-02
-1.064922559872841755e-02
-6.872711771032522649e-03
-3.366380856230597254e-03
8.881295360674681949e-03
1.805662519922208650e-02
2.778876492487093036e-02
3.831601811250002348e-02
4.985615865820620246e-02
6.260800804276309139e-02
7.675101006233533973e-02
9.244309222388036318e-02
1.098170642690061982e-01
1.289757921526450690e-01
1.499863939271311453e-01
1.728737268928365323e-01
1.976134680278429645e-01
2.241251272226470193e-01
2.522653703870953446e-01
2.818220622695524757e-01
3.125094621688137009e-01
3.439650152672276140e-01
3.757481742387817625e-01
4.073416570430702932e-01
4.381554953954884812e-01
4.675341535503451662e-01
4.947668993995960607e-01
5.191014916031936322e-01
5.397611110928429712e-01
5.559643176878288351e-01
5.669476586392476758e-01
5.719904023210560240e-01
5.704407240313535965e-01
5.617425389853396567e-01
5.454620667866242334e-01
5.213131280890730412e-01
4.891801231737006317e-01
4.491376282532835162e-01
4.014655720330053135e-01
3.466590249654303291e-01
2.854317482425614561e-01
2.187128091417722964e-01
1.476357726769359779e-01
7.352022355213269633e-02
-2.154348126077401931e-03
-7.778195698655709922e-02
-1.516701644081964451e-01
-2.220857619421807705e-01
-2.873047925608463449e-01
-3.456653245296169574e-01
-3.956211613121154436e-01
-4.357945076496421155e-01
-4.650255321316022483e-01
-4.824167813057141374e-01
-4.873705151718153439e-01
-4.796172477595094796e-01
-4.592340816498547973e-01
-4.266518077167704703e-01
-3.826501818282900258e-01
-3.283412660295932373e-01
-2.651412084685141335e-01
-1.947313099123018365e-01
-1.190096629035105325e-01
-4.003503321513112584e-02
4.003503321509218477e-02
1.190096629034727016e-01
1.947313099122662261e-01
2.651412084684811599e-01
3.283412660295650376e-01
3.826501818282659895e-01
4.266518077167520406e-01
4.592340816498414191e-01
4.796172477595023742e-01
4.873705151718126238e-01
4.824167813057186338e-01
4.650255321316125179e-01
4.357945076496584358e-01
3.956211613121367043e-01
3.456653245296418264e-01
2.873047925608748776e-01
2.220857619422109963e-01
1.516701644082276146e-01
7.778195698658840751e-02
2.154348126108579248e-03
-7.352022355210251214e-02
-1.476357726769065015e-01
-2.187128091417444020e-01
-2.854317482425352548e-01
-3.466590249654057376e-01
-4.014655720329825539e-01
-4.491376282532624775e-01
-4.891801231736808142e-01
-5.213131280890560548e-01
-5.454620667866099115e-01
-5.617425389853278883e-01
-5.704407240313437155e-01
-5.719904023210492516e-01
-5.669476586392444561e-01
-5.559643176878279469e-01
-5.397611110928431932e-01
-5.191014916031960746e-01
-4.947668993995990583e-01
-4.675341535503502177e-01
-4.381554953954930887e-01
-4.073416570430751782e-01
-3.757481742387874246e-01
-3.439650152672341643e-01
-3.125094621688222496e-01
-2.818220622695629118e-01
-2.522653703871073905e-01
-2.241251272226598978e-01
-1.976134680278559541e-01
-1.728737268928496329e-01
-1.499863939271434132e-01
-1.289757921526573925e-01
-1.098170642690169813e-01
-9.244309222389011926e-02
-7.675101006234283374e-02
-6.260800804276991927e-02
-4.985615865821090703e-02
-3.831601811250354150e-02
-2.778876492487318897e-02
-1.805662519922379694e-02
-8.881295360675917072e-03
